Participant Participant_ID
5630716 5844750
3434970 8400491
1555330 9975359
6572674 3417530
6773207 9627535
3276308 6761511
6217317 2134522
5184826 7153620
7867935 1317396
9064238 5934944
9794915 1951490
6653800 6218947
5746266 3015148
4631855 2416880
9863375 5646202
7144411 1624316
8111196 3112307
6320246 2990175
5030516 4923840
2933508 2565331
8270552 4414399
2001085 7312962
5381688 4693280
3617790 8228734
1163886 5962975
3853719 8060200
9829965 8013348
5828838 1984662
3776847 5254136
8303548 5531252
6943286 5818273
6493574 6543048
2990216 8715908
3839097 7535758
1439184 3017711
1106013 8935679
8513184 6006797
5980291 9519059
4799918 4264738
1166487 9883604
8822267 1677988
2693820 3718488
6535408 7448371
1374975 4860693
8432735 4607555
2486360 2407233
4065802 4266614
1393868 4548750
4596956 8242221
4420530 6360303
5910541 7889284
7493817 2305701
2118537 7035441
7093657 9055789
3279502 8967355
7408618 2330287
2932388 3425604
7537552 7249074
8462537 4593208
6093815 1683571
9627784 3903094
6755841 3464819
3573237 6630813
8939854 2409999
4413990 7205621
8293247 6921750
1127556 8254165
4909976 2495352
4556858 7690656
8751290 2545370
3044444 2977600
6786594 6688089
8735907 5832225
3395999 6389245
9331384 5212428
3822956 3361836
7384163 7766512
2043632 3813665
1657507 1071064
5078872 5056135
596017038 6677320
596017038 6693747
596017038 9588918
596017038 8695785
596017038 1025108
596017038 7597965
355497552 9856676
355497552 1950622
355497552 2693445
355497552 8379995
355497552 7896768
355497552 4174061
372793729 8497253
372793729 3966443
372793729 9344726
372793729 8654710
372793729 7911244
494361843 4712118
494361843 8418949
494361843 9525483
494361843 4352385
494361843 9136315
104633806 6040867
104633806 8386397
104633806 8657703
104633806 8567374
104633806 4151159
104633806 3778478
385071340 7813495
385071340 6570722
385071340 6667071
385071340 5920138
385071340 9437718
385071340 1620869
767080940 8001404
767080940 7364053
767080940 5357775
767080940 5518815
767080940 7133844
767080940 8188391
726684678 1742870
726684678 4717795
726684678 8128618
726684678 2357715
726684678 9932636
726684678 2817950
915972990 7535685
915972990 9346782
915972990 8680428
915972990 6873871
915972990 9702993
915972990 2165250
244334030 4604700
244334030 9530328
244334030 6372771
244334030 1575151
244334030 2179979
244334030 7742744
302360696 4401973
302360696 8250323
302360696 6748813
302360696 5370664
302360696 5945350
267292794 4193578
267292794 2523774
267292794 5127730
267292794 4457986
267292794 1927223
267292794 8970907
627738747 7323432
627738747 6002884
627738747 1218243
627738747 3380474
627738747 9409512
627738747 7815228
301499663 3809340
301499663 9678504
301499663 6976068
301499663 4211358
301499663 3962958
301499663 7785490
509720365 8864507
509720365 2903401
509720365 7721456
509720365 5673316
509720365 6168008
509720365 8059327
604677065 4700522
604677065 3949609
604677065 8381117
604677065 1334869
604677065 2208511
604677065 6509524
983068448 5454513
983068448 1403619
983068448 7677115
983068448 1289491
983068448 7599446
983068448 2305657
221069759 7668773
221069759 4959587
221069759 9633608
221069759 7469510
221069759 1079035
221069759 4631715
843595262 1192850
843595262 8605590
843595262 6528366
843595262 6911888
843595262 4017127
843595262 1088000
223902830 6606908
223902830 5936495
223902830 2347889
223902830 9380684
223902830 9723692
223902830 4808511
441138313 2409206
441138313 8479180
441138313 7860363
441138313 9040737
441138313 1007411
441138313 4054232
590966039 7029694
590966039 2900853
590966039 8999377
590966039 6768069
590966039 3147309
590966039 6245691
