Experiment Participant Participant_ID Participant_Random Participant_ID_Random
1 5630716 5844750 1638106 3643731
1 3434970 8400491 509340 9899942
1 1555330 9975359 945143 3933197
1 6572674 3417530 2679131 398247
1 6773207 9627535 1086448 2378712
1 3276308 6761511 4577861 8478969
1 6217317 2134522 7563719 303318
1 5184826 7153620 111880 8345648
1 7867935 1317396 3274778 40518
1 9064238 5934944 9554742 912969
1 9794915 1951490 2527484 9114039
1 6653800 6218947 1461063 2792233
1 5746266 3015148 6696532 6194436
1 4631855 2416880 5241448 2909590
1 9863375 5646202 6604416 7250480
1 7144411 1624316 3080617 473089
1 8111196 3112307 2340691 6604237
1 6320246 2990175 3491870 441482
1 5030516 4923840 4752034 4103412
1 2933508 2565331 1689123 400340
1 8270552 4414399 2936536 732473
1 2001085 7312962 8572581 2818913
1 5381688 4693280 8500187 5412943
1 3617790 8228734 508508 6849769
1 1163886 5962975 188916 3448994
1 3853719 8060200 2774704 898646
1 9829965 8013348 3421250 7806704
1 5828838 1984662 1730278 5527232
1 3776847 5254136 781352 8141212
1 8303548 5531252 1264150 1328321
1 6943286 5818273 170082 4674363
1 6493574 6543048 4693073 1915853
1 2990216 8715908 9788891 468036
1 3839097 7535758 7641686 2046710
1 1439184 3017711 980344 4907463
1 1106013 8935679 5378247 3946478
1 8513184 6006797 9528861 11473
1 5980291 9519059 9008101 7029096
1 4799918 4264738 24436 2468614
1 1166487 9883604 5920785 597671
1 8822267 1677988 2461795 963863
1 2693820 3718488 9141014 184969
1 6535408 7448371 8260250 1525420
1 1374975 4860693 601068 9886737
1 8432735 4607555 1644815 551738
1 2486360 2407233 8593786 8364961
1 4065802 4266614 1662098 1957329
1 1393868 4548750 662522 2243691
1 4596956 8242221 8767940 5154618
1 4420530 6360303 756863 8545302
1 5910541 7889284 4824243 9876580
1 7493817 2305701 1753587 5820485
1 2118537 7035441 720939 1333064
1 7093657 9055789 4304493 5345210
1 3279502 8967355 5416033 9009435
1 7408618 2330287 2199701 9475963
1 2932388 3425604 4688989 3430110
1 7537552 7249074 8118097 7547078
1 8462537 4593208 7793883 8280954
1 6093815 1683571 8507109 3734356
1 9627784 3903094 4482302 542503
1 6755841 3464819 5734711 501817
1 3573237 6630813 5854479 3661962
1 8939854 2409999 4271105 687138
1 4413990 7205621 6944114 3388021
1 8293247 6921750 4475740 826253
1 1127556 8254165 671804 3174655
1 4909976 2495352 9388352 7524555
1 4556858 7690656 7882260 8767235
1 8751290 2545370 388713 6036992
1 3044444 2977600 3530264 3207212
1 6786594 6688089 3162425 6839078
1 8735907 5832225 1655816 7940378
1 3395999 6389245 2527714 455859
1 9331384 5212428 8020493 4317980
1 3822956 3361836 8938927 871690
1 7384163 7766512 9051742 4833449
1 2043632 3813665 833062 3728830
1 1657507 1071064 446513 821787
1 5078872 5056135 3589783 431934
2 596017038 6677320 243191894 9542541
2 596017038 6693747 243191894 9635055
2 596017038 9588918 243191894 2567992
2 596017038 8695785 243191894 2606227
2 596017038 1025108 243191894 2740233
2 596017038 7597965 243191894 2880622
2 355497552 9856676 844762941 9386550
2 355497552 1950622 844762941 9198822
2 355497552 2693445 844762941 9495097
2 355497552 8379995 844762941 6749226
2 355497552 7896768 844762941 4797498
2 355497552 4174061 844762941 7037822
2 372793729 8497253 395844929 6261755
2 372793729 3966443 395844929 7490123
2 372793729 9344726 395844929 9292824
2 372793729 8654710 395844929 3389182
2 372793729 7911244 395844929 3280380
2 494361843 4712118 538255785 3852093
2 494361843 8418949 538255785 5878027
2 494361843 9525483 538255785 3750275
2 494361843 4352385 538255785 6473912
2 494361843 9136315 538255785 4655841
2 104633806 6040867 835133482 7519572
2 104633806 8386397 835133482 7381046
2 104633806 8657703 835133482 4130717
2 104633806 8567374 835133482 5947970
2 104633806 4151159 835133482 2566995
2 104633806 3778478 835133482 7542553
2 385071340 7813495 200627072 5037195
2 385071340 6570722 200627072 5066316
2 385071340 6667071 200627072 4080817
2 385071340 5920138 200627072 8996202
2 385071340 9437718 200627072 4816266
2 385071340 1620869 200627072 7043705
2 767080940 8001404 425553094 6886717
2 767080940 7364053 425553094 2821912
2 767080940 5357775 425553094 8544120
2 767080940 5518815 425553094 9789690
2 767080940 7133844 425553094 6777987
2 767080940 8188391 425553094 5629883
2 726684678 1742870 175965321 5491946
2 726684678 4717795 175965321 5774973
2 726684678 8128618 175965321 7617505
2 726684678 2357715 175965321 1982576
2 726684678 9932636 175965321 2486452
2 726684678 2817950 175965321 2920217
2 915972990 7535685 262551770 5982929
2 915972990 9346782 262551770 1900798
2 915972990 8680428 262551770 2874339
2 915972990 6873871 262551770 4150809
2 915972990 9702993 262551770 2177472
2 915972990 2165250 262551770 3097658
2 244334030 4604700 516294901 6707839
2 244334030 9530328 516294901 7735967
2 244334030 6372771 516294901 5297775
2 244334030 1575151 516294901 4896252
2 244334030 2179979 516294901 8179987
2 244334030 7742744 516294901 3523042
2 302360696 4401973 234548912 9423486
2 302360696 8250323 234548912 6910673
2 302360696 6748813 234548912 7561576
2 302360696 5370664 234548912 7613756
2 302360696 5945350 234548912 5134384
2 267292794 4193578 845949379 1256036
2 267292794 2523774 845949379 7826596
2 267292794 5127730 845949379 9260331
2 267292794 4457986 845949379 2470632
2 267292794 1927223 845949379 9829657
2 267292794 8970907 845949379 4306497
2 627738747 7323432 468585879 8880928
2 627738747 6002884 468585879 4370697
2 627738747 1218243 468585879 7495051
2 627738747 3380474 468585879 3706927
2 627738747 9409512 468585879 3013030
2 627738747 7815228 468585879 1922024
2 301499663 3809340 789799657 6195053
2 301499663 9678504 789799657 3320812
2 301499663 6976068 789799657 1569272
2 301499663 4211358 789799657 3856843
2 301499663 3962958 789799657 4007300
2 301499663 7785490 789799657 7632662
2 509720365 8864507 887476908 9229005
2 509720365 2903401 887476908 1044838
2 509720365 7721456 887476908 7824100
2 509720365 5673316 887476908 3278717
2 509720365 6168008 887476908 7024627
2 509720365 8059327 887476908 3801291
2 604677065 4700522 366614767 6519164
2 604677065 3949609 366614767 5104484
2 604677065 8381117 366614767 2075360
2 604677065 1334869 366614767 6480882
2 604677065 2208511 366614767 1740675
2 604677065 6509524 366614767 8001344
2 983068448 5454513 456006974 6326781
2 983068448 1403619 456006974 8127754
2 983068448 7677115 456006974 6099715
2 983068448 1289491 456006974 5457185
2 983068448 7599446 456006974 1582718
2 983068448 2305657 456006974 9799559
2 221069759 7668773 434937860 5419879
2 221069759 4959587 434937860 8798646
2 221069759 9633608 434937860 9495190
2 221069759 7469510 434937860 5847373
2 221069759 1079035 434937860 3096796
2 221069759 4631715 434937860 7458669
2 843595262 1192850 367456728 6762072
2 843595262 8605590 367456728 3591201
2 843595262 6528366 367456728 4854765
2 843595262 6911888 367456728 5087530
2 843595262 4017127 367456728 4917265
2 843595262 1088000 367456728 1329697
2 223902830 6606908 208714088 6486721
2 223902830 5936495 208714088 7605936
2 223902830 2347889 208714088 9151534
2 223902830 9380684 208714088 3435687
2 223902830 9723692 208714088 3401946
2 223902830 4808511 208714088 2929534
2 441138313 2409206 398968098 6560600
2 441138313 8479180 398968098 1700909
2 441138313 7860363 398968098 6779940
2 441138313 9040737 398968098 4887475
2 441138313 1007411 398968098 7690240
2 441138313 4054232 398968098 6742614
2 590966039 7029694 333482097 2698468
2 590966039 2900853 333482097 9664828
2 590966039 8999377 333482097 9337265
2 590966039 6768069 333482097 8224108
2 590966039 3147309 333482097 5402341
2 590966039 6245691 333482097 2703963
